256
2
1.68 0.00 
0.30 1.68 
1.62 0.00 
0.11 1.59 
1.72 0.00 
0.32 1.69 
1.72 0.00 
0.37 1.41 
1.56 0.00 
0.55 1.63 
1.63 0.00 
0.27 1.69 
1.63 0.00 
0.46 1.48 
1.63 0.00 
0.27 1.40 
1.51 0.00 
0.04 1.68 
1.64 0.00 
0.38 1.37 
1.56 0.00 
0.37 1.63 
1.48 0.00 
0.31 1.59 
1.64 0.00 
0.31 1.60 
1.63 0.00 
0.08 1.58 
1.72 0.00 
0.27 1.47 
1.66 0.00 
0.23 1.62 
1.70 0.00 
0.44 1.39 
1.46 0.00 
0.37 1.45 
1.68 0.00 
0.35 1.49 
1.48 0.00 
0.29 1.54 
1.53 0.00 
0.46 1.53 
1.71 0.00 
0.30 1.63 
1.54 0.00 
0.20 1.42 
1.59 0.00 
0.53 1.35 
1.60 0.00 
0.15 1.52 
1.47 0.00 
0.37 1.54 
1.47 0.00 
0.29 1.60 
1.64 0.00 
0.36 1.40 
1.49 0.00 
0.36 1.64 
1.59 0.00 
0.33 1.53 
1.45 0.00 
0.33 1.63 
1.68 0.00 
0.28 1.52 
1.50 0.00 
0.41 1.66 
1.48 0.00 
0.14 1.45 
1.69 0.00 
0.33 1.43 
1.69 0.00 
0.29 1.56 
1.55 0.00 
0.10 1.45 
1.48 0.00 
0.22 1.41 
1.70 0.00 
0.42 1.52 
1.53 0.00 
0.41 1.39 
1.67 0.00 
0.19 1.54 
1.45 0.00 
0.37 1.68 
1.60 0.00 
0.09 1.53 
1.68 0.00 
0.01 1.47 
1.62 0.00 
0.42 1.51 
1.59 0.00 
0.32 1.44 
1.64 0.00 
0.16 1.61 
1.67 0.00 
0.30 1.64 
1.57 0.00 
0.28 1.49 
1.58 0.00 
0.42 1.62 
1.62 0.00 
0.36 1.55 
1.53 0.00 
0.59 1.49 
1.62 0.00 
0.24 1.50 
1.57 0.00 
0.34 1.44 
1.49 0.00 
0.13 1.55 
1.52 0.00 
0.44 1.41 
1.70 0.00 
0.41 1.39 
1.50 0.00 
0.33 1.47 
1.61 0.00 
0.29 1.42 
1.51 0.00 
0.24 1.56 
1.44 0.00 
0.37 1.37 
1.71 0.00 
0.35 1.56 
1.49 0.00 
0.47 1.52 
1.59 0.00 
0.22 1.60 
1.63 0.00 
0.23 1.71 
1.42 0.00 
0.63 1.55 
1.45 0.00 
0.20 1.62 
1.46 0.00 
0.28 1.60 
1.58 0.00 
0.47 1.64 
1.70 0.00 
0.30 1.45 
1.42 0.00 
0.44 1.51 
1.70 0.00 
0.36 1.65 
1.67 0.00 
0.22 1.48 
1.70 0.00 
0.15 1.46 
1.72 0.00 
0.35 1.53 
1.43 0.00 
0.25 1.42 
1.59 0.00 
0.28 1.65 
1.65 0.00 
0.24 1.57 
1.72 0.00 
0.42 1.51 
1.56 0.00 
0.29 1.43 
1.47 0.00 
0.41 1.62 
1.44 0.00 
0.32 1.52 
1.63 0.00 
0.28 1.53 
1.42 0.00 
0.40 1.39 
1.54 0.00 
0.22 1.51 
1.72 0.00 
0.28 1.63 
1.50 0.00 
0.32 1.68 
1.55 0.00 
0.41 1.59 
1.63 0.00 
0.37 1.59 
1.47 0.00 
0.38 1.42 
1.42 0.00 
0.51 1.55 
1.48 0.00 
0.28 1.70 
1.47 0.00 
0.51 1.45 
1.48 0.00 
0.30 1.42 
1.61 0.00 
0.19 1.60 
1.50 0.00 
0.30 1.47 
1.68 0.00 
0.51 1.44 
1.61 0.00 
0.31 1.67 
1.68 0.00 
0.25 1.40 
1.56 0.00 
0.15 1.47 
1.56 0.00 
0.22 1.56 
1.64 0.00 
0.40 1.37 
1.44 0.00 
0.29 1.60 
1.55 0.00 
0.49 1.65 
1.59 0.00 
0.13 1.61 
1.66 0.00 
0.15 1.50 
1.47 0.00 
0.25 1.57 
1.57 0.00 
0.44 1.66 
1.62 0.00 
0.37 1.59 
1.51 0.00 
0.45 1.36 
1.50 0.00 
0.29 1.66 
1.53 0.00 
0.47 1.33 
1.61 0.00 
0.40 1.36 
1.57 0.00 
0.28 1.64 
1.52 0.00 
0.41 1.36 
1.47 0.00 
0.40 1.41 
1.53 0.00 
0.26 1.63 
1.50 0.00 
0.39 1.61 
1.48 0.00 
0.13 1.60 
1.64 0.00 
0.29 1.60 
1.62 0.00 
0.40 1.67 
1.48 0.00 
0.31 1.42 
1.61 0.00 
0.28 1.61 
1.66 0.00 
0.30 1.52 
1.69 0.00 
0.32 1.58 
1.61 0.00 
0.44 1.44 
1.52 0.00 
0.34 1.59 
1.57 0.00 
0.37 1.58 
1.59 0.00 
0.39 1.68 
1.49 0.00 
0.07 1.43 
1.55 0.00 
0.26 1.64 
1.62 0.00 
0.53 1.64 
1.48 0.00 
0.28 1.42 
1.59 0.00 
0.44 1.51 
1.55 0.00 
0.46 1.52 
1.53 0.00 
0.24 1.48 
1.43 0.00 
0.35 1.52 
1.64 0.00 
0.33 1.51 
1.64 0.00 
0.35 1.37 
1.53 0.00 
0.23 1.46 
1.68 0.00 
0.39 1.50 
1.66 0.00 
0.36 1.62 
1.54 0.00 
0.32 1.68 
1.52 0.00 
0.36 1.64 
1.66 0.00 
0.31 1.70 
1.58 0.00 
0.46 1.39 
1.48 0.00 
0.39 1.63 
1.67 0.00 
0.25 1.42 
1.45 0.00 
0.28 1.55 
1.48 0.00 
0.21 1.42 
1.69 0.00 
0.44 1.58 
1.61 0.00 
0.52 1.65 
1.41 0.00 
0.52 1.65 
1.59 0.00 
0.40 1.44 
1.58 0.00 
0.47 1.62 
1.65 0.00 
0.25 1.61 
1.44 0.00 
0.44 1.59 
1.70 0.00 
0.51 1.52 
1.71 0.00 
0.17 1.45 
1.69 0.00 
0.39 1.43 
1.60 0.00 
0.20 1.60 
1.54 0.00 
0.17 1.47 
1.46 0.00 
0.12 1.47 
1.43 0.00 
0.32 1.56 
1.64 0.00 
0.31 1.53 
1.46 0.00 
0.46 1.63 
1.51 0.00 
0.25 1.61 
1.55 0.00 
0.37 1.39 
1.45 0.00 
0.10 1.62 
1.60 0.00 
0.31 1.62 
1.65 0.00 
0.28 1.69 
1.73 0.00 
0.47 1.51 
1.47 0.00 
0.18 1.41 
1.71 0.00 
0.17 1.52 
1.57 0.00 
0.21 1.67 
1.60 0.00 
0.37 1.52 
1.43 0.00 
0.29 1.50 
1.70 0.00 
0.32 1.56 
1.64 0.00 
0.39 1.50 
1.57 0.00 
0.50 1.36 
1.47 0.00 
0.14 1.58 
1.53 0.00 
0.12 1.70 
1.63 0.00 
0.42 1.39 
1.66 0.00 
0.39 1.42 
1.61 0.00 
0.13 1.48 
1.70 0.00 
0.09 1.43 
1.56 0.00 
0.29 1.45 
1.45 0.00 
0.26 1.43 
1.73 0.00 
0.18 1.42 
1.51 0.00 
0.18 1.65 
1.62 0.00 
0.05 1.66 
1.70 0.00 
0.18 1.67 
1.53 0.00 
0.34 1.38 
1.43 0.00 
0.44 1.52 
1.65 0.00 
0.45 1.44 
1.64 0.00 
0.29 1.41 
1.67 0.00 
0.28 1.63 
1.45 0.00 
0.23 1.56 
1.70 0.00 
0.45 1.36 
1.44 0.00 
0.30 1.69 
1.64 0.00 
0.26 1.43 
1.45 0.00 
0.33 1.59 
1.66 0.00 
0.40 1.44 
1.65 0.00 
0.55 1.33 
1.54 0.00 
0.34 1.57 
1.67 0.00 
0.17 1.43 
1.66 0.00 
0.17 1.59 
1.49 0.00 
0.38 1.42 
1.67 0.00 
0.12 1.49 
1.59 0.00 
0.15 1.44 
1.45 0.00 
0.37 1.57 
1.72 0.00 
0.33 1.63 
1.56 0.00 
0.24 1.69 
1.48 0.00 
0.36 1.53 
1.66 0.00 
0.20 1.41 
1.63 0.00 
0.27 1.59 
1.43 0.00 
0.38 1.60 
1.46 0.00 
0.08 1.41 
1.56 0.00 
0.44 1.53 
1.45 0.00 
0.26 1.44 
1.45 0.00 
0.10 1.48 
1.52 0.00 
0.17 1.49 
1.70 0.00 
0.37 1.43 
1.49 0.00 
0.33 1.61 
1.60 0.00 
0.15 1.61 
1.73 0.00 
0.12 1.54 
1.44 0.00 
0.38 1.68 
1.55 0.00 
0.25 1.52 
1.47 0.00 
0.55 1.43 
1.64 0.00 
0.25 1.66 
1.61 0.00 
0.19 1.55 
1.56 0.00 
0.29 1.63 
1.56 0.00 
0.17 1.41 
1.51 0.00 
0.32 1.69 
1.71 0.00 
0.20 1.65 
1.66 0.00 
0.45 1.38 
1.64 0.00 
0.20 1.43 
1.68 0.00 
0.10 1.63 
1.70 0.00 
0.36 1.42 
1.72 0.00 
0.35 1.38 
1.67 0.00 
0.26 1.57 
1.52 0.00 
0.31 1.52 
1.48 0.00 
0.09 1.71 
1.63 0.00 
0.33 1.68 
1.67 0.00 
0.30 1.47 
1.66 0.00 
0.08 1.66 
1.63 0.00 
0.41 1.50 
1.55 0.00 
0.36 1.64 
1.67 0.00 
0.40 1.57 
1.72 0.00 
0.15 1.68 
1.62 0.00 
0.41 1.43 
1.63 0.00 
0.30 1.43 
1.42 0.00 
0.21 1.64 
1.54 0.00 
0.51 1.52 
1.47 0.00 
0.41 1.66 
1.49 0.00 
0.15 1.62 
