256
4
2.19 0.00 0.00 0.00 
0.35 1.99 0.00 0.00 
0.24 0.27 2.00 0.00 
0.42 0.18 0.37 1.95 
2.10 0.00 0.00 0.00 
0.37 1.97 0.00 0.00 
0.35 0.34 2.12 0.00 
0.38 0.21 0.16 1.95 
2.07 0.00 0.00 0.00 
0.18 2.07 0.00 0.00 
0.13 0.31 2.16 0.00 
0.24 0.10 0.26 2.12 
2.17 0.00 0.00 0.00 
0.32 2.01 0.00 0.00 
0.28 0.07 2.12 0.00 
0.33 0.13 0.12 2.13 
2.21 0.00 0.00 0.00 
0.25 2.05 0.00 0.00 
0.31 0.23 2.19 0.00 
0.07 0.11 0.20 2.10 
2.09 0.00 0.00 0.00 
0.42 2.03 0.00 0.00 
0.23 0.28 1.99 0.00 
0.26 0.32 0.17 1.98 
2.14 0.00 0.00 0.00 
0.15 2.18 0.00 0.00 
0.04 0.21 2.05 0.00 
0.24 0.27 0.24 1.97 
2.05 0.00 0.00 0.00 
0.35 2.21 0.00 0.00 
0.06 0.22 1.99 0.00 
0.40 0.23 0.18 2.04 
2.06 0.00 0.00 0.00 
0.24 2.05 0.00 0.00 
0.31 0.14 2.10 0.00 
0.43 0.13 0.04 2.08 
2.10 0.00 0.00 0.00 
0.06 2.06 0.00 0.00 
0.27 0.32 2.08 0.00 
0.11 0.23 0.15 2.01 
2.19 0.00 0.00 0.00 
0.11 2.03 0.00 0.00 
0.19 0.23 2.03 0.00 
0.28 0.22 0.04 2.01 
2.15 0.00 0.00 0.00 
0.29 2.05 0.00 0.00 
0.31 0.18 2.06 0.00 
0.29 0.02 0.33 2.14 
2.12 0.00 0.00 0.00 
0.22 2.11 0.00 0.00 
0.26 0.25 2.16 0.00 
0.15 0.39 0.26 2.08 
2.15 0.00 0.00 0.00 
0.24 2.04 0.00 0.00 
0.10 0.24 2.04 0.00 
0.14 0.25 0.17 2.02 
2.21 0.00 0.00 0.00 
0.28 2.08 0.00 0.00 
0.23 0.28 2.02 0.00 
0.09 0.13 0.10 2.11 
2.02 0.00 0.00 0.00 
0.29 2.16 0.00 0.00 
0.25 0.18 2.21 0.00 
0.13 0.17 0.20 2.13 
2.16 0.00 0.00 0.00 
0.10 2.21 0.00 0.00 
0.10 0.26 2.06 0.00 
0.26 0.33 0.13 2.11 
2.12 0.00 0.00 0.00 
0.39 2.04 0.00 0.00 
0.17 0.32 2.09 0.00 
0.42 0.11 0.21 2.15 
2.19 0.00 0.00 0.00 
0.33 1.98 0.00 0.00 
0.26 0.26 2.09 0.00 
0.06 0.20 0.09 2.00 
2.13 0.00 0.00 0.00 
0.19 2.03 0.00 0.00 
0.42 0.28 2.13 0.00 
0.29 0.30 0.03 1.99 
2.04 0.00 0.00 0.00 
0.11 2.09 0.00 0.00 
0.36 0.25 2.02 0.00 
0.20 0.32 0.07 1.99 
2.09 0.00 0.00 0.00 
0.27 2.20 0.00 0.00 
0.18 0.08 2.12 0.00 
0.18 0.37 0.26 2.11 
2.16 0.00 0.00 0.00 
0.16 2.02 0.00 0.00 
0.17 0.37 2.17 0.00 
0.20 0.12 0.22 2.21 
2.04 0.00 0.00 0.00 
0.26 2.09 0.00 0.00 
0.30 0.13 2.07 0.00 
0.15 0.08 0.26 2.04 
2.20 0.00 0.00 0.00 
0.36 1.99 0.00 0.00 
0.35 0.23 2.10 0.00 
0.17 0.27 -0.01 2.02 
2.10 0.00 0.00 0.00 
0.19 2.16 0.00 0.00 
0.15 0.20 2.11 0.00 
0.21 0.18 0.29 2.19 
2.13 0.00 0.00 0.00 
0.26 2.09 0.00 0.00 
0.06 0.08 2.10 0.00 
0.25 0.24 0.23 2.18 
2.15 0.00 0.00 0.00 
0.29 2.14 0.00 0.00 
0.11 0.20 2.15 0.00 
0.23 0.16 0.32 1.95 
2.14 0.00 0.00 0.00 
0.20 2.09 0.00 0.00 
0.29 0.27 2.08 0.00 
0.04 0.35 0.07 2.00 
2.08 0.00 0.00 0.00 
0.20 2.21 0.00 0.00 
0.09 0.11 2.02 0.00 
0.34 0.26 0.22 2.10 
2.15 0.00 0.00 0.00 
0.20 2.16 0.00 0.00 
0.29 0.13 2.09 0.00 
0.40 0.07 0.26 2.04 
2.20 0.00 0.00 0.00 
0.32 2.11 0.00 0.00 
0.13 0.21 2.21 0.00 
0.25 0.17 0.24 2.12 
2.13 0.00 0.00 0.00 
0.22 2.01 0.00 0.00 
0.22 0.11 2.07 0.00 
0.38 0.17 0.36 2.16 
2.05 0.00 0.00 0.00 
0.16 2.12 0.00 0.00 
0.26 0.34 2.13 0.00 
0.11 0.14 0.22 2.04 
2.01 0.00 0.00 0.00 
0.36 2.06 0.00 0.00 
0.23 0.31 2.07 0.00 
0.19 0.16 0.02 2.03 
2.20 0.00 0.00 0.00 
0.27 2.08 0.00 0.00 
0.28 0.21 2.16 0.00 
0.16 0.32 0.27 2.15 
2.18 0.00 0.00 0.00 
0.15 2.20 0.00 0.00 
0.24 0.21 2.15 0.00 
0.40 0.08 0.26 1.96 
2.03 0.00 0.00 0.00 
0.08 2.12 0.00 0.00 
0.37 0.15 2.18 0.00 
0.26 0.19 0.30 2.19 
2.00 0.00 0.00 0.00 
0.34 2.09 0.00 0.00 
0.28 0.36 2.09 0.00 
0.43 0.12 0.18 2.10 
2.02 0.00 0.00 0.00 
0.37 2.20 0.00 0.00 
0.39 0.24 1.95 0.00 
0.39 0.17 0.15 2.00 
2.13 0.00 0.00 0.00 
0.23 2.00 0.00 0.00 
0.04 0.17 2.03 0.00 
0.15 0.19 0.10 2.11 
2.17 0.00 0.00 0.00 
0.14 2.11 0.00 0.00 
0.18 0.24 2.11 0.00 
0.20 0.24 0.33 1.97 
2.02 0.00 0.00 0.00 
0.18 2.00 0.00 0.00 
0.22 0.23 2.18 0.00 
0.40 0.36 0.31 2.03 
2.04 0.00 0.00 0.00 
0.32 2.05 0.00 0.00 
0.14 0.20 1.99 0.00 
0.14 0.27 0.26 2.07 
2.01 0.00 0.00 0.00 
0.26 2.01 0.00 0.00 
0.34 0.45 1.99 0.00 
0.20 0.30 0.21 1.98 
2.04 0.00 0.00 0.00 
0.17 2.04 0.00 0.00 
0.18 0.15 2.20 0.00 
0.31 0.38 0.10 1.98 
2.14 0.00 0.00 0.00 
0.28 2.00 0.00 0.00 
0.13 0.04 2.21 0.00 
0.07 0.08 0.14 2.02 
2.23 0.00 0.00 0.00 
0.14 2.01 0.00 0.00 
0.21 0.13 2.01 0.00 
0.21 0.31 0.17 2.16 
2.08 0.00 0.00 0.00 
0.08 2.16 0.00 0.00 
0.35 0.29 2.14 0.00 
0.17 0.24 0.10 1.99 
2.19 0.00 0.00 0.00 
0.10 2.03 0.00 0.00 
0.34 0.31 2.13 0.00 
0.19 0.13 0.15 2.21 
2.16 0.00 0.00 0.00 
0.06 2.15 0.00 0.00 
0.34 0.20 2.14 0.00 
0.19 0.37 0.19 1.97 
2.09 0.00 0.00 0.00 
0.27 2.07 0.00 0.00 
0.35 0.05 2.06 0.00 
0.19 0.15 0.21 2.01 
2.19 0.00 0.00 0.00 
0.14 2.02 0.00 0.00 
0.09 0.29 2.05 0.00 
0.27 0.11 0.29 2.14 
2.10 0.00 0.00 0.00 
0.20 2.05 0.00 0.00 
0.20 0.27 2.04 0.00 
0.38 0.18 0.06 2.10 
2.01 0.00 0.00 0.00 
0.11 2.03 0.00 0.00 
0.30 0.17 2.15 0.00 
0.20 0.14 0.11 2.01 
2.02 0.00 0.00 0.00 
0.11 2.07 0.00 0.00 
0.26 0.21 2.11 0.00 
0.10 0.07 0.24 2.15 
2.13 0.00 0.00 0.00 
0.30 2.02 0.00 0.00 
0.05 0.22 2.09 0.00 
0.24 0.21 0.24 2.05 
2.04 0.00 0.00 0.00 
0.35 2.04 0.00 0.00 
0.36 0.15 2.03 0.00 
0.19 0.26 0.19 2.14 
2.10 0.00 0.00 0.00 
0.17 2.07 0.00 0.00 
0.25 0.25 2.03 0.00 
0.18 0.39 0.30 1.95 
2.16 0.00 0.00 0.00 
0.30 2.02 0.00 0.00 
0.25 0.13 2.15 0.00 
0.24 0.26 0.15 1.97 
2.19 0.00 0.00 0.00 
0.24 2.12 0.00 0.00 
0.07 0.14 2.00 0.00 
0.27 0.29 0.24 2.17 
2.19 0.00 0.00 0.00 
0.30 2.03 0.00 0.00 
0.25 0.15 2.13 0.00 
0.15 0.36 0.13 2.15 
2.19 0.00 0.00 0.00 
0.41 2.07 0.00 0.00 
0.26 0.05 2.22 0.00 
0.29 0.29 0.09 1.99 
2.00 0.00 0.00 0.00 
0.20 2.19 0.00 0.00 
0.09 0.38 2.03 0.00 
0.23 0.19 0.20 2.12 
2.04 0.00 0.00 0.00 
0.17 2.09 0.00 0.00 
0.40 0.31 2.12 0.00 
0.18 0.14 0.27 2.10 
2.07 0.00 0.00 0.00 
0.25 2.22 0.00 0.00 
0.13 0.17 2.22 0.00 
0.28 0.09 0.14 2.16 
2.13 0.00 0.00 0.00 
0.24 2.04 0.00 0.00 
0.23 0.17 2.20 0.00 
0.24 0.22 0.25 2.12 
2.23 0.00 0.00 0.00 
0.22 2.06 0.00 0.00 
0.17 0.29 2.15 0.00 
0.27 0.24 0.20 1.98 
2.17 0.00 0.00 0.00 
0.31 2.19 0.00 0.00 
0.13 0.11 2.07 0.00 
0.40 0.19 0.14 2.15 
2.22 0.00 0.00 0.00 
0.33 2.15 0.00 0.00 
0.16 0.14 2.14 0.00 
0.12 0.23 0.21 2.19 
2.02 0.00 0.00 0.00 
0.09 2.21 0.00 0.00 
0.16 0.19 2.06 0.00 
0.20 0.05 0.15 2.20 
2.15 0.00 0.00 0.00 
0.14 2.10 0.00 0.00 
0.20 0.43 1.97 0.00 
0.23 0.39 0.17 2.09 
2.08 0.00 0.00 0.00 
0.38 2.17 0.00 0.00 
0.23 0.12 2.12 0.00 
0.30 0.19 0.33 2.03 
2.18 0.00 0.00 0.00 
0.32 2.05 0.00 0.00 
0.33 0.16 2.05 0.00 
0.22 0.20 0.28 2.11 
2.14 0.00 0.00 0.00 
0.26 2.04 0.00 0.00 
0.07 0.34 2.00 0.00 
0.11 0.34 0.24 2.15 
2.12 0.00 0.00 0.00 
0.22 2.22 0.00 0.00 
0.25 0.13 2.12 0.00 
0.17 0.34 0.31 1.94 
2.02 0.00 0.00 0.00 
0.34 2.00 0.00 0.00 
0.24 0.06 2.07 0.00 
0.27 0.04 0.22 2.07 
2.01 0.00 0.00 0.00 
0.22 2.15 0.00 0.00 
0.26 0.19 2.02 0.00 
0.38 0.18 0.26 1.96 
2.22 0.00 0.00 0.00 
0.40 2.13 0.00 0.00 
0.17 0.29 2.04 0.00 
0.23 0.21 0.21 2.00 
2.11 0.00 0.00 0.00 
0.24 2.02 0.00 0.00 
0.26 0.20 2.21 0.00 
0.37 0.31 0.12 2.15 
2.22 0.00 0.00 0.00 
0.13 2.10 0.00 0.00 
0.25 0.36 2.15 0.00 
0.21 0.25 0.33 2.17 
2.16 0.00 0.00 0.00 
0.14 2.15 0.00 0.00 
0.26 0.37 2.05 0.00 
0.24 0.37 0.23 2.05 
2.06 0.00 0.00 0.00 
0.32 2.12 0.00 0.00 
0.32 0.03 2.19 0.00 
0.43 0.21 0.26 2.09 
2.03 0.00 0.00 0.00 
0.17 2.20 0.00 0.00 
0.19 0.33 2.17 0.00 
0.32 0.14 0.19 2.13 
2.21 0.00 0.00 0.00 
0.26 2.09 0.00 0.00 
0.07 0.07 2.08 0.00 
0.27 0.29 0.16 2.05 
2.12 0.00 0.00 0.00 
0.25 2.18 0.00 0.00 
0.24 0.04 2.06 0.00 
0.17 0.12 0.07 2.02 
2.15 0.00 0.00 0.00 
0.43 2.09 0.00 0.00 
0.33 0.17 1.98 0.00 
0.15 0.15 0.39 2.05 
2.15 0.00 0.00 0.00 
0.23 2.05 0.00 0.00 
0.32 0.33 2.14 0.00 
0.26 0.22 0.15 2.20 
2.15 0.00 0.00 0.00 
0.28 2.11 0.00 0.00 
0.33 0.09 2.17 0.00 
0.16 0.22 0.22 2.16 
2.17 0.00 0.00 0.00 
0.28 2.15 0.00 0.00 
0.29 0.09 1.99 0.00 
0.41 0.04 0.21 1.96 
2.16 0.00 0.00 0.00 
0.14 2.16 0.00 0.00 
0.06 0.17 1.99 0.00 
0.32 0.13 0.22 2.17 
2.02 0.00 0.00 0.00 
0.26 2.12 0.00 0.00 
0.23 0.19 2.21 0.00 
0.19 0.18 0.19 2.12 
2.18 0.00 0.00 0.00 
0.06 2.22 0.00 0.00 
0.37 0.27 2.06 0.00 
0.24 0.22 0.30 2.04 
2.06 0.00 0.00 0.00 
0.17 2.10 0.00 0.00 
0.41 0.13 2.05 0.00 
0.13 0.15 0.07 2.09 
2.06 0.00 0.00 0.00 
0.19 2.16 0.00 0.00 
0.12 0.14 1.99 0.00 
0.03 0.22 0.07 2.05 
2.04 0.00 0.00 0.00 
0.26 2.04 0.00 0.00 
0.27 0.15 1.99 0.00 
0.26 0.06 0.31 2.06 
2.23 0.00 0.00 0.00 
0.33 2.13 0.00 0.00 
0.17 0.15 2.08 0.00 
0.34 0.09 0.25 2.10 
2.22 0.00 0.00 0.00 
0.39 2.07 0.00 0.00 
0.25 0.34 2.00 0.00 
0.12 0.06 0.16 2.12 
2.01 0.00 0.00 0.00 
0.20 2.03 0.00 0.00 
0.27 0.39 1.99 0.00 
0.10 0.22 0.11 2.15 
2.15 0.00 0.00 0.00 
0.24 2.17 0.00 0.00 
0.27 0.29 1.99 0.00 
0.14 0.14 0.12 2.03 
2.16 0.00 0.00 0.00 
0.10 2.13 0.00 0.00 
0.37 0.14 1.97 0.00 
0.25 0.44 0.11 2.05 
2.14 0.00 0.00 0.00 
0.33 2.06 0.00 0.00 
0.18 0.35 2.03 0.00 
0.38 0.01 0.16 2.04 
2.22 0.00 0.00 0.00 
0.18 2.08 0.00 0.00 
0.08 0.17 1.99 0.00 
0.21 0.14 0.23 2.11 
2.01 0.00 0.00 0.00 
0.33 2.21 0.00 0.00 
0.23 0.32 2.02 0.00 
0.21 0.22 0.22 1.99 
2.06 0.00 0.00 0.00 
0.38 2.02 0.00 0.00 
0.32 0.32 1.97 0.00 
0.29 0.16 0.19 2.10 
2.13 0.00 0.00 0.00 
0.27 2.09 0.00 0.00 
0.22 0.21 2.10 0.00 
0.35 0.05 0.26 2.16 
2.22 0.00 0.00 0.00 
0.33 2.11 0.00 0.00 
0.19 0.26 2.17 0.00 
0.12 0.09 0.21 2.15 
2.05 0.00 0.00 0.00 
0.21 2.03 0.00 0.00 
0.25 0.14 1.99 0.00 
0.36 0.19 0.05 2.15 
2.09 0.00 0.00 0.00 
0.20 2.15 0.00 0.00 
0.31 0.29 2.03 0.00 
0.39 0.21 0.02 2.14 
2.05 0.00 0.00 0.00 
0.42 2.08 0.00 0.00 
0.21 0.29 2.19 0.00 
0.21 0.22 0.00 2.20 
2.18 0.00 0.00 0.00 
0.24 2.22 0.00 0.00 
0.19 0.26 2.20 0.00 
0.17 0.29 0.22 2.10 
2.18 0.00 0.00 0.00 
0.45 1.98 0.00 0.00 
0.35 0.07 2.18 0.00 
0.22 0.16 0.25 1.97 
2.19 0.00 0.00 0.00 
0.11 2.16 0.00 0.00 
0.15 0.07 2.07 0.00 
0.16 0.15 0.24 2.20 
2.10 0.00 0.00 0.00 
0.41 2.15 0.00 0.00 
0.36 0.14 2.05 0.00 
0.30 0.29 0.16 2.13 
2.22 0.00 0.00 0.00 
0.14 2.04 0.00 0.00 
0.12 0.24 2.14 0.00 
0.08 0.16 0.08 2.02 
2.00 0.00 0.00 0.00 
0.29 2.09 0.00 0.00 
0.11 0.14 2.05 0.00 
0.41 0.18 0.29 1.98 
2.05 0.00 0.00 0.00 
0.24 2.14 0.00 0.00 
0.36 0.31 2.05 0.00 
0.18 0.06 0.33 2.12 
2.08 0.00 0.00 0.00 
0.22 2.04 0.00 0.00 
0.26 0.07 2.19 0.00 
0.32 0.16 0.18 2.19 
2.03 0.00 0.00 0.00 
0.29 2.21 0.00 0.00 
0.38 0.22 2.10 0.00 
0.06 0.19 0.26 2.07 
2.04 0.00 0.00 0.00 
0.40 1.98 0.00 0.00 
0.34 0.36 2.14 0.00 
0.29 0.22 0.17 2.16 
2.21 0.00 0.00 0.00 
0.14 2.20 0.00 0.00 
0.30 0.11 2.01 0.00 
0.25 0.06 0.21 2.07 
2.09 0.00 0.00 0.00 
0.16 2.07 0.00 0.00 
0.22 0.33 2.16 0.00 
0.11 0.12 0.28 2.05 
2.20 0.00 0.00 0.00 
0.34 2.03 0.00 0.00 
0.25 0.31 2.14 0.00 
0.11 0.20 0.20 2.16 
2.14 0.00 0.00 0.00 
0.29 1.98 0.00 0.00 
0.28 0.18 2.00 0.00 
0.39 0.13 0.20 2.15 
2.13 0.00 0.00 0.00 
0.35 2.05 0.00 0.00 
0.38 0.12 2.16 0.00 
0.18 0.34 0.14 2.05 
2.18 0.00 0.00 0.00 
0.25 2.07 0.00 0.00 
0.07 0.20 2.03 0.00 
0.06 0.34 0.41 2.02 
2.01 0.00 0.00 0.00 
0.11 2.22 0.00 0.00 
0.20 0.36 1.96 0.00 
0.28 0.25 0.32 2.12 
2.20 0.00 0.00 0.00 
0.18 2.07 0.00 0.00 
0.25 0.22 2.18 0.00 
0.30 0.22 0.27 2.11 
2.06 0.00 0.00 0.00 
0.31 2.00 0.00 0.00 
0.18 0.28 2.11 0.00 
0.32 0.35 0.18 2.04 
2.22 0.00 0.00 0.00 
0.27 2.12 0.00 0.00 
0.30 0.31 1.98 0.00 
0.26 0.09 0.37 1.98 
2.15 0.00 0.00 0.00 
0.10 2.07 0.00 0.00 
0.29 0.34 1.99 0.00 
0.36 0.15 0.22 2.18 
2.15 0.00 0.00 0.00 
0.43 2.09 0.00 0.00 
0.20 0.33 2.17 0.00 
0.24 0.36 0.06 2.11 
2.21 0.00 0.00 0.00 
0.23 2.13 0.00 0.00 
0.31 0.25 2.09 0.00 
0.24 0.33 -0.01 2.13 
2.12 0.00 0.00 0.00 
0.06 2.03 0.00 0.00 
0.36 0.08 2.03 0.00 
0.28 0.15 0.20 2.11 
2.19 0.00 0.00 0.00 
0.04 2.11 0.00 0.00 
0.27 0.21 2.12 0.00 
0.29 0.15 0.21 2.06 
2.02 0.00 0.00 0.00 
0.31 2.15 0.00 0.00 
0.16 0.28 2.20 0.00 
0.25 0.05 0.17 2.16 
2.12 0.00 0.00 0.00 
0.22 2.08 0.00 0.00 
0.29 0.34 2.08 0.00 
0.21 0.00 0.34 1.96 
2.07 0.00 0.00 0.00 
0.18 2.14 0.00 0.00 
0.23 0.32 2.09 0.00 
0.07 0.32 0.28 2.18 
2.11 0.00 0.00 0.00 
0.21 2.16 0.00 0.00 
0.14 0.29 1.99 0.00 
0.33 0.40 0.17 2.00 
2.04 0.00 0.00 0.00 
0.26 2.06 0.00 0.00 
0.33 0.30 2.02 0.00 
0.26 0.27 0.20 2.07 
2.07 0.00 0.00 0.00 
0.34 2.04 0.00 0.00 
0.25 0.17 2.01 0.00 
0.23 0.19 0.28 2.18 
2.12 0.00 0.00 0.00 
0.22 2.22 0.00 0.00 
0.44 0.04 2.03 0.00 
0.34 0.07 0.04 2.18 
2.12 0.00 0.00 0.00 
0.15 2.12 0.00 0.00 
0.21 0.19 2.04 0.00 
0.38 0.18 0.10 1.96 
2.16 0.00 0.00 0.00 
0.28 2.00 0.00 0.00 
0.21 0.01 2.05 0.00 
0.21 0.22 0.21 2.14 
2.16 0.00 0.00 0.00 
0.14 2.03 0.00 0.00 
0.30 0.01 2.09 0.00 
0.22 0.41 0.25 2.04 
2.06 0.00 0.00 0.00 
0.28 2.20 0.00 0.00 
0.45 0.06 2.01 0.00 
0.19 0.16 0.33 2.01 
2.15 0.00 0.00 0.00 
0.37 2.02 0.00 0.00 
0.23 0.31 2.18 0.00 
0.21 0.15 0.28 2.09 
2.23 0.00 0.00 0.00 
0.13 2.10 0.00 0.00 
0.04 0.17 2.06 0.00 
0.09 0.30 0.11 2.01 
2.00 0.00 0.00 0.00 
0.08 2.21 0.00 0.00 
0.34 0.22 1.99 0.00 
0.32 0.21 0.19 2.10 
2.05 0.00 0.00 0.00 
0.29 2.08 0.00 0.00 
0.43 0.03 1.97 0.00 
0.20 0.22 0.21 2.16 
2.19 0.00 0.00 0.00 
0.18 1.99 0.00 0.00 
0.15 0.36 2.15 0.00 
0.27 0.12 0.33 2.03 
2.20 0.00 0.00 0.00 
0.11 2.20 0.00 0.00 
0.35 0.09 2.06 0.00 
0.13 0.25 0.24 2.05 
2.08 0.00 0.00 0.00 
0.31 2.15 0.00 0.00 
0.08 0.13 2.00 0.00 
0.24 0.22 0.33 2.08 
2.20 0.00 0.00 0.00 
0.20 2.11 0.00 0.00 
0.31 0.09 2.08 0.00 
0.18 0.24 0.33 2.09 
2.09 0.00 0.00 0.00 
0.16 2.17 0.00 0.00 
0.21 0.03 2.19 0.00 
0.27 0.30 0.05 1.96 
2.18 0.00 0.00 0.00 
0.31 2.02 0.00 0.00 
0.15 0.38 2.14 0.00 
0.03 0.17 0.34 2.13 
2.18 0.00 0.00 0.00 
0.31 2.14 0.00 0.00 
0.26 0.17 2.11 0.00 
0.33 0.23 0.37 2.12 
2.00 0.00 0.00 0.00 
0.00 2.10 0.00 0.00 
0.25 0.15 2.06 0.00 
0.15 0.16 0.30 2.17 
2.09 0.00 0.00 0.00 
0.28 2.21 0.00 0.00 
0.25 0.12 2.19 0.00 
0.21 0.20 0.17 2.18 
2.11 0.00 0.00 0.00 
0.13 2.01 0.00 0.00 
0.32 0.37 2.15 0.00 
0.08 0.15 0.41 2.11 
2.21 0.00 0.00 0.00 
0.16 2.12 0.00 0.00 
0.13 0.26 2.04 0.00 
0.14 0.27 0.29 1.98 
2.01 0.00 0.00 0.00 
0.42 1.99 0.00 0.00 
0.15 0.34 2.11 0.00 
0.16 0.10 0.16 2.17 
2.06 0.00 0.00 0.00 
0.39 1.97 0.00 0.00 
0.22 0.30 2.19 0.00 
0.21 0.32 0.19 2.15 
2.01 0.00 0.00 0.00 
0.31 2.15 0.00 0.00 
0.22 0.30 2.07 0.00 
0.14 0.24 0.15 2.19 
2.21 0.00 0.00 0.00 
0.28 2.18 0.00 0.00 
0.24 0.05 2.14 0.00 
0.09 0.34 0.23 2.02 
2.14 0.00 0.00 0.00 
0.21 2.06 0.00 0.00 
0.06 0.17 2.16 0.00 
0.16 0.16 0.13 2.03 
2.05 0.00 0.00 0.00 
0.38 2.14 0.00 0.00 
0.25 0.25 2.19 0.00 
0.20 0.42 0.12 2.06 
2.16 0.00 0.00 0.00 
0.18 2.00 0.00 0.00 
0.31 0.23 2.17 0.00 
0.15 0.27 0.27 2.09 
2.22 0.00 0.00 0.00 
0.35 2.20 0.00 0.00 
0.23 0.32 1.96 0.00 
0.32 0.16 -0.01 2.13 
2.21 0.00 0.00 0.00 
0.24 2.13 0.00 0.00 
0.22 0.23 2.18 0.00 
0.11 0.14 0.36 1.99 
2.20 0.00 0.00 0.00 
0.31 2.18 0.00 0.00 
0.16 0.11 2.02 0.00 
0.15 0.13 0.41 1.96 
2.11 0.00 0.00 0.00 
0.29 2.19 0.00 0.00 
0.14 0.24 2.19 0.00 
0.15 0.13 0.18 2.20 
2.22 0.00 0.00 0.00 
0.38 1.98 0.00 0.00 
0.34 0.14 2.05 0.00 
0.29 0.02 0.02 2.00 
2.01 0.00 0.00 0.00 
0.32 2.06 0.00 0.00 
0.25 0.07 1.99 0.00 
0.13 0.30 0.12 2.13 
2.17 0.00 0.00 0.00 
0.28 2.19 0.00 0.00 
0.16 0.25 2.05 0.00 
0.35 0.11 0.30 2.07 
2.12 0.00 0.00 0.00 
0.14 2.05 0.00 0.00 
0.45 0.19 2.13 0.00 
0.18 0.31 0.19 2.12 
2.18 0.00 0.00 0.00 
0.16 2.18 0.00 0.00 
0.23 0.22 2.21 0.00 
0.20 0.13 0.39 2.08 
2.21 0.00 0.00 0.00 
0.14 2.10 0.00 0.00 
0.22 0.15 2.20 0.00 
0.31 0.27 0.14 2.18 
2.23 0.00 0.00 0.00 
0.21 2.04 0.00 0.00 
0.38 0.13 2.16 0.00 
0.22 0.23 0.20 2.00 
2.01 0.00 0.00 0.00 
0.27 2.13 0.00 0.00 
0.19 0.11 2.09 0.00 
0.09 0.17 0.10 2.02 
2.22 0.00 0.00 0.00 
0.41 2.02 0.00 0.00 
0.15 0.18 2.08 0.00 
0.26 0.24 0.33 2.00 
2.14 0.00 0.00 0.00 
0.39 2.05 0.00 0.00 
0.25 0.39 1.97 0.00 
0.25 0.15 0.11 2.08 
2.09 0.00 0.00 0.00 
0.33 2.13 0.00 0.00 
0.36 0.16 2.13 0.00 
0.10 0.25 0.13 2.05 
2.22 0.00 0.00 0.00 
0.24 2.11 0.00 0.00 
0.33 0.20 2.14 0.00 
0.34 0.20 0.33 1.95 
2.13 0.00 0.00 0.00 
0.08 2.21 0.00 0.00 
0.15 0.21 2.17 0.00 
0.35 0.21 0.14 2.19 
2.09 0.00 0.00 0.00 
0.17 2.02 0.00 0.00 
0.33 0.20 2.04 0.00 
0.31 0.21 0.15 2.12 
2.01 0.00 0.00 0.00 
0.22 2.20 0.00 0.00 
0.24 0.10 2.19 0.00 
0.33 0.25 0.21 2.07 
2.23 0.00 0.00 0.00 
0.06 2.18 0.00 0.00 
0.17 0.16 2.22 0.00 
0.25 0.20 0.29 2.11 
2.02 0.00 0.00 0.00 
0.03 2.01 0.00 0.00 
0.36 0.17 2.08 0.00 
0.34 0.28 -0.00 2.10 
2.11 0.00 0.00 0.00 
0.23 2.06 0.00 0.00 
0.16 0.24 2.13 0.00 
0.34 0.08 0.21 2.07 
2.13 0.00 0.00 0.00 
0.15 2.10 0.00 0.00 
0.17 0.22 2.16 0.00 
0.21 0.22 0.23 2.15 
2.23 0.00 0.00 0.00 
0.21 2.09 0.00 0.00 
0.19 0.26 2.13 0.00 
0.13 0.20 0.19 2.05 
2.10 0.00 0.00 0.00 
0.39 2.03 0.00 0.00 
0.26 0.12 2.05 0.00 
0.11 0.21 0.25 2.07 
2.11 0.00 0.00 0.00 
0.36 2.01 0.00 0.00 
0.19 0.36 2.11 0.00 
0.29 0.09 0.06 2.12 
2.22 0.00 0.00 0.00 
0.27 1.99 0.00 0.00 
0.19 0.26 2.19 0.00 
0.29 0.06 0.03 2.10 
2.17 0.00 0.00 0.00 
0.18 2.07 0.00 0.00 
0.09 0.22 2.16 0.00 
0.25 0.20 0.30 2.10 
2.12 0.00 0.00 0.00 
0.20 2.02 0.00 0.00 
0.29 0.21 2.04 0.00 
0.41 0.21 0.20 1.95 
2.17 0.00 0.00 0.00 
0.44 2.07 0.00 0.00 
0.08 0.25 2.00 0.00 
0.20 0.27 0.11 2.20 
2.12 0.00 0.00 0.00 
0.21 2.17 0.00 0.00 
0.07 0.22 2.07 0.00 
0.15 0.25 0.15 2.10 
2.21 0.00 0.00 0.00 
0.29 2.21 0.00 0.00 
0.37 0.28 2.00 0.00 
0.14 0.17 0.08 2.21 
2.06 0.00 0.00 0.00 
0.29 2.09 0.00 0.00 
0.28 0.23 2.19 0.00 
0.39 0.27 0.23 2.03 
2.17 0.00 0.00 0.00 
0.27 2.06 0.00 0.00 
0.19 0.08 2.18 0.00 
0.22 0.25 0.12 2.12 
2.08 0.00 0.00 0.00 
0.12 2.16 0.00 0.00 
0.21 0.31 2.18 0.00 
0.27 0.15 0.20 2.07 
2.00 0.00 0.00 0.00 
0.19 2.08 0.00 0.00 
0.33 0.12 1.98 0.00 
0.29 0.06 0.27 2.04 
2.08 0.00 0.00 0.00 
0.28 2.02 0.00 0.00 
0.22 0.17 2.16 0.00 
0.19 0.33 0.26 2.00 
2.13 0.00 0.00 0.00 
0.24 2.18 0.00 0.00 
0.36 0.29 2.13 0.00 
0.32 0.17 0.29 2.07 
2.20 0.00 0.00 0.00 
0.14 2.09 0.00 0.00 
0.36 0.19 2.10 0.00 
0.15 0.39 0.34 2.05 
2.19 0.00 0.00 0.00 
0.33 2.04 0.00 0.00 
0.38 0.18 2.04 0.00 
0.19 0.27 0.34 2.17 
2.02 0.00 0.00 0.00 
0.24 2.18 0.00 0.00 
0.23 0.41 2.11 0.00 
0.19 0.27 0.14 2.07 
2.09 0.00 0.00 0.00 
0.16 2.07 0.00 0.00 
0.18 0.26 2.18 0.00 
0.32 0.11 0.10 2.10 
2.18 0.00 0.00 0.00 
0.25 2.14 0.00 0.00 
0.19 0.28 2.04 0.00 
0.19 0.23 0.16 2.14 
2.00 0.00 0.00 0.00 
0.24 2.06 0.00 0.00 
0.43 0.22 2.15 0.00 
0.16 0.13 0.05 2.22 
2.13 0.00 0.00 0.00 
0.38 1.99 0.00 0.00 
0.36 0.15 2.07 0.00 
0.16 0.36 0.23 2.14 
2.13 0.00 0.00 0.00 
0.29 2.10 0.00 0.00 
0.16 0.22 2.19 0.00 
0.15 0.25 0.03 2.02 
2.04 0.00 0.00 0.00 
0.22 2.18 0.00 0.00 
0.28 0.35 2.07 0.00 
0.35 0.12 0.06 2.08 
2.15 0.00 0.00 0.00 
0.21 2.16 0.00 0.00 
0.24 0.16 1.99 0.00 
0.20 0.24 0.22 2.02 
2.22 0.00 0.00 0.00 
0.13 2.01 0.00 0.00 
0.16 0.41 2.12 0.00 
0.27 0.18 0.20 2.08 
2.14 0.00 0.00 0.00 
0.15 2.17 0.00 0.00 
0.20 0.24 2.07 0.00 
0.10 0.19 0.05 2.14 
2.13 0.00 0.00 0.00 
0.30 2.05 0.00 0.00 
0.27 0.33 2.05 0.00 
0.39 0.16 -0.00 2.04 
2.20 0.00 0.00 0.00 
0.26 1.98 0.00 0.00 
0.24 0.24 2.03 0.00 
0.26 0.13 0.11 2.04 
2.05 0.00 0.00 0.00 
0.34 2.14 0.00 0.00 
0.25 0.39 1.97 0.00 
0.25 0.20 0.18 2.01 
2.12 0.00 0.00 0.00 
0.37 2.14 0.00 0.00 
0.31 0.22 2.03 0.00 
0.17 0.29 0.29 2.12 
2.09 0.00 0.00 0.00 
0.20 2.20 0.00 0.00 
0.44 0.23 2.18 0.00 
0.03 0.18 0.14 2.13 
2.23 0.00 0.00 0.00 
0.17 2.15 0.00 0.00 
0.15 0.33 1.97 0.00 
0.31 0.20 0.41 2.04 
2.07 0.00 0.00 0.00 
0.04 2.14 0.00 0.00 
0.31 0.26 2.04 0.00 
0.27 0.13 0.36 2.10 
2.22 0.00 0.00 0.00 
0.22 2.05 0.00 0.00 
0.30 0.04 2.10 0.00 
0.23 0.25 0.23 2.17 
2.05 0.00 0.00 0.00 
0.33 2.12 0.00 0.00 
0.37 0.11 2.02 0.00 
0.12 0.26 0.13 2.21 
2.05 0.00 0.00 0.00 
0.22 2.18 0.00 0.00 
0.43 0.21 1.97 0.00 
0.12 0.02 0.45 2.11 
2.09 0.00 0.00 0.00 
0.29 2.15 0.00 0.00 
0.26 0.11 2.08 0.00 
0.06 0.21 0.28 1.99 
2.12 0.00 0.00 0.00 
0.28 2.05 0.00 0.00 
0.43 0.13 2.07 0.00 
0.23 0.40 0.00 1.98 
2.13 0.00 0.00 0.00 
0.27 2.15 0.00 0.00 
0.14 0.22 2.15 0.00 
0.27 0.20 0.14 2.16 
2.12 0.00 0.00 0.00 
0.28 2.18 0.00 0.00 
0.27 0.36 2.06 0.00 
0.22 0.28 0.19 2.11 
2.14 0.00 0.00 0.00 
0.25 2.04 0.00 0.00 
0.43 0.30 1.97 0.00 
0.25 0.25 0.27 2.09 
2.04 0.00 0.00 0.00 
0.24 2.11 0.00 0.00 
0.14 0.10 2.12 0.00 
0.19 0.21 0.08 2.20 
2.15 0.00 0.00 0.00 
0.35 2.10 0.00 0.00 
0.35 0.02 2.05 0.00 
0.36 0.08 0.41 1.94 
2.10 0.00 0.00 0.00 
0.20 2.14 0.00 0.00 
0.18 0.27 2.05 0.00 
0.03 0.15 0.08 2.20 
2.13 0.00 0.00 0.00 
0.24 2.21 0.00 0.00 
0.33 0.23 1.98 0.00 
0.29 0.19 0.34 2.04 
2.02 0.00 0.00 0.00 
0.23 2.17 0.00 0.00 
0.22 0.33 2.12 0.00 
0.28 0.23 0.16 2.19 
2.10 0.00 0.00 0.00 
0.19 2.01 0.00 0.00 
0.30 0.15 2.08 0.00 
0.31 0.35 0.15 2.05 
2.12 0.00 0.00 0.00 
0.27 2.08 0.00 0.00 
0.28 0.36 2.07 0.00 
0.13 0.31 0.17 2.08 
2.00 0.00 0.00 0.00 
0.24 2.15 0.00 0.00 
0.23 0.14 2.20 0.00 
0.15 0.18 0.11 2.18 
2.03 0.00 0.00 0.00 
0.26 2.16 0.00 0.00 
0.04 0.14 2.19 0.00 
0.40 0.18 0.29 2.14 
2.15 0.00 0.00 0.00 
0.25 2.00 0.00 0.00 
0.24 0.25 2.10 0.00 
0.20 0.15 0.17 2.13 
2.05 0.00 0.00 0.00 
0.09 2.22 0.00 0.00 
0.04 0.22 2.06 0.00 
0.24 0.40 0.12 2.10 
2.22 0.00 0.00 0.00 
0.38 1.97 0.00 0.00 
0.21 0.23 1.98 0.00 
0.23 0.30 0.29 2.15 
2.18 0.00 0.00 0.00 
0.22 2.21 0.00 0.00 
0.20 0.10 2.05 0.00 
0.21 0.28 0.35 2.17 
2.04 0.00 0.00 0.00 
0.27 2.08 0.00 0.00 
0.24 0.19 2.03 0.00 
0.36 -0.02 0.35 2.16 
2.12 0.00 0.00 0.00 
0.41 2.16 0.00 0.00 
0.15 0.12 2.11 0.00 
0.32 0.21 0.32 2.05 
2.18 0.00 0.00 0.00 
0.19 2.18 0.00 0.00 
0.23 0.29 1.99 0.00 
0.20 0.02 0.25 2.20 
2.00 0.00 0.00 0.00 
0.12 2.00 0.00 0.00 
0.13 0.38 1.97 0.00 
0.14 0.35 0.01 2.20 
2.10 0.00 0.00 0.00 
0.35 2.14 0.00 0.00 
0.39 -0.06 2.16 0.00 
0.37 0.17 0.32 2.09 
2.02 0.00 0.00 0.00 
0.09 2.11 0.00 0.00 
0.27 0.24 2.03 0.00 
0.24 0.39 0.14 2.10 
2.14 0.00 0.00 0.00 
0.12 2.11 0.00 0.00 
0.16 0.19 2.02 0.00 
0.35 0.03 0.27 2.19 
2.03 0.00 0.00 0.00 
0.30 2.11 0.00 0.00 
0.23 0.20 2.13 0.00 
0.38 -0.02 0.33 2.08 
2.11 0.00 0.00 0.00 
0.31 2.00 0.00 0.00 
0.33 0.17 2.04 0.00 
0.28 0.30 0.01 2.01 
2.08 0.00 0.00 0.00 
0.20 2.20 0.00 0.00 
0.21 0.34 2.06 0.00 
0.19 0.28 0.30 2.00 
